[{"id": 0, "img_name": "DSC07956.JPG", "width": 646, "height": 418, "position": [0.783855169213055, 3.885522695330824, -2.0777191724808244], "rotation": [[0.9800860106896774, -0.10424904750847255, -0.1690075375359626], [-0.010039714936648637, 0.8240054645487811, -0.5664928936162733], [0.19831947905938138, 0.5569085476874311, 0.806549597816707]], "fy": 481.8016486169632, "fx": 480.89246459522184}, {"id": 1, "img_name": "DSC07957.JPG", "width": 646, "height": 418, "position": [-0.0157812922130272, 3.809709380622733, -2.1474076481578797], "rotation": [[0.9925839121798625, -0.1181929772034758, 0.028418258593686862], [0.11422019818114369, 0.826787411862554, -0.5507960801540618], [0.04160437007309772, 0.5499572671811854, 0.8341559090873975]], "fy": 481.8016486169632, "fx": 480.89246459522184}, {"id": 2, "img_name": "DSC07958.JPG", "width": 646, "height": 418, "position": [-0.7721996449947325, 3.649542163422309, -2.11647926113236], "rotation": [[0.9730799583422656, -0.15119074120636708, 0.17394468789268538], [0.22222045979655178, 0.8156129588242365, -0.5342223962412875], [-0.061102061507149724, 0.5584951756026576, 0.8272543000239604]], "fy": 481.8016486169632, "fx": 480.89246459522184}, {"id": 3, "img_name": "DSC07959.JPG", "width": 646, "height": 418, "position": [-1.506568540029823, 3.3192194788761635, -1.9612416464069413], "rotation": [[0.9223371721569603, -0.17918170485788673, 0.34232741272314515], [0.3344191944636847, 0.8139792946923157, -0.47497527323689254], [-0.19354054673830404, 0.5525682079675066, 0.8106851622620318]], "fy": 481.8016486169632, "fx": 480.89246459522184}, {"id": 4, "img_name": "DSC07960.JPG", "width": 646, "height": 418, "position": [-2.0955891415925003, 3.0451858446945645, -1.7733461691193086], "rotation": [[0.8367509927469401, -0.2136650934961758, 0.5041775520174225], [0.45179087219247327, 0.7896317852613713, -0.4151706293905001], [-0.30940714914263795, 0.5751772522676902, 0.7572571191697145]], "fy": 481.8016486169632, "fx": 480.89246459522184}, {"id": 5, "img_name": "DSC07961.JPG", "width": 646, "height": 418, "position": [-2.7351932136583623, 2.5483552882929636, -1.4037616563580364], "rotation": [[0.7404050046368283, -0.2233542770730563, 0.6339663208892968], [0.5251985360569656, 0.7808586308051553, -0.3382695617709618], [-0.4194841198810252, 0.5834146600920059, 0.6954569775028291]], "fy": 481.8016486169632, "fx": 480.89246459522184}, {"id": 6, "img_name": "DSC07962.JPG", "width": 646, "height": 418, "position": [-3.289643940587935, 2.0774603483891956, -1.0443452194273646], "rotation": [[0.5919673735777325, -0.24976010487828937, 0.7662861858539974], [0.6114133778484834, 0.7586312226375074, -0.2250607682992045], [-0.5251174249702525, 0.6017462571970901, 0.6017916017542159]], "fy": 481.8016486169632, "fx": 480.89246459522184}, {"id": 7, "img_name": "DSC07963.JPG", "width": 646, "height": 418, "position": [-3.6557384145358776, 1.4630880074449581, -0.5115688878027366], "rotation": [[0.41740280420264686, -0.26355389940596086, 0.8696632918271756], [0.6794313160307229, 0.7260313494158821, -0.10607340129416783], [-0.603446754768411, 0.635151810021247, 0.48211429390364174]], "fy": 481.8016486169632, "fx": 480.89246459522184}, {"id": 8, "img_name": "DSC07964.JPG", "width": 646, "height": 418, "position": [-3.8549080873781327, 0.9325239738174703, 0.019252275677144663], "rotation": [[0.2471349363048534, -0.2838647481407097, 0.9264691727308617], [0.7091389983379236, 0.7045625401805536, 0.02671157072528985], [-0.660337947034609, 0.6503940588115309, 0.3754215816502568]], "fy": 481.8016486169632, "fx": 480.89246459522184}, {"id": 9, "img_name": "DSC07965.JPG", "width": 646, "height": 418, "position": [-3.9467100833304385, 0.37862144795408026, 0.526160603752111], "rotation": [[0.07455148497439436, -0.2807253343790825, 0.95688837526948], [0.7102118194113739, 0.6885405719849741, 0.14666646617066348], [-0.7000294619917784, 0.6686592311247612, 0.2507061725908332]], "fy": 481.8016486169632, "fx": 480.89246459522184}, {"id": 10, "img_name": "DSC07966.JPG", "width": 646, "height": 418, "position": [-3.8430324482015346, -0.06594633110858622, 0.9709804078660244], "rotation": [[-0.07150077290657757, -0.2747989364619285, 0.9588394985570606], [0.7001275902707517, 0.6708604765417063, 0.24447408524402997], [-0.7104287415465625, 0.6887900736317472, 0.14442727460884833]], "fy": 481.8016486169632, "fx": 480.89246459522184}, {"id": 11, "img_name": "DSC07967.JPG", "width": 646, "height": 418, "position": [-3.7987267702808007, -0.6183209679821933, 1.4789093813030723], "rotation": [[-0.29805280618384217, -0.279096444204234, 0.9128360748559895], [0.6586370348818131, 0.6320504409922242, 0.40830074249703274], [-0.6909137290632096, 0.7229228277444886, -0.004561153130733172]], "fy": 481.8016486169632, "fx": 480.89246459522184}, {"id": 12, "img_name": "DSC07968.JPG", "width": 646, "height": 418, "position": [-3.5682557144829294, -1.1173442260651665, 2.007909817915331], "rotation": [[-0.47417196070387185, -0.2633980101290605, 0.8401085881850611], [0.5911573793279244, 0.6118697706211639, 0.5254981795079261], [-0.6524522239584948, 0.745812893465952, -0.1344218114427801]], "fy": 481.8016486169632, "fx": 480.89246459522184}, {"id": 13, "img_name": "DSC07969.JPG", "width": 646, "height": 418, "position": [-3.052441145895974, -1.4332015681971515, 2.42741695191955], "rotation": [[-0.6146705785275685, -0.2661257760863445, 0.7425342761078606], [0.5089317152564712, 0.5854029203851726, 0.6311037394997888], [-0.6026347061850071, 0.7658201434455426, -0.22439010404729925]], "fy": 481.8016486169632, "fx": 480.89246459522184}, {"id": 14, "img_name": "DSC07970.JPG", "width": 646, "height": 418, "position": [-2.390122453457549, -1.6993480665708072, 2.8135294763552583], "rotation": [[-0.7644027329531996, -0.25095521768481077, 0.5938938798897051], [0.39067181829465203, 0.552490347117364, 0.7362947417525707], [-0.5128976430478391, 0.7948433147853127, -0.3242840000633195]], "fy": 481.8016486169632, "fx": 480.89246459522184}, {"id": 15, "img_name": "DSC07971.JPG", "width": 646, "height": 418, "position": [-1.8353534515337755, -1.884281414039582, 3.0447920082282813], "rotation": [[-0.8602792135993605, -0.1932684209534059, 0.4717700627541371], [0.2935824252890128, 0.5687341010460714, 0.7683429454799064], [-0.416808150364513, 0.7994928641141796, -0.43252991343977454]], "fy": 481.8016486169632, "fx": 480.89246459522184}, {"id": 16, "img_name": "DSC07972.JPG", "width": 646, "height": 418, "position": [-1.1794255326192389, -2.0817270593781907, 3.3315790007899113], "rotation": [[-0.9189647407868828, -0.1884297263978286, 0.3464073373936175], [0.19278748237410906, 0.5516353071973326, 0.811499522176789], [-0.3440011509142793, 0.812522446497907, -0.4706065045308094]], "fy": 481.8016486169632, "fx": 480.89246459522184}, {"id": 17, "img_name": "DSC07973.JPG", "width": 646, "height": 418, "position": [-0.5156794044589679, -2.217432794542693, 3.5717689334086957], "rotation": [[-0.9752889778066152, -0.15420838598077882, 0.15821246304299197], [0.05107826579798207, 0.5393270788740896, 0.8405458421503326], [-0.214947483195309, 0.8278563134302621, -0.5181230585311344]], "fy": 481.8016486169632, "fx": 480.89246459522184}, {"id": 18, "img_name": "DSC07974.JPG", "width": 646, "height": 418, "position": [0.1552931785736756, -2.205992161593441, 3.6755955655817147], "rotation": [[-0.9929938302097431, -0.11633299163255995, -0.020733746000243324], [-0.08172757808912927, 0.5494041737044598, 0.8315501529648137], [-0.08534551039784778, 0.8274186902493432, -0.5550625684380027]], "fy": 481.8016486169632, "fx": 480.89246459522184}, {"id": 19, "img_name": "DSC07975.JPG", "width": 646, "height": 418, "position": [0.8141682026060371, -2.051042833650879, 3.6399874102386875], "rotation": [[-0.97728652495973, -0.08566849986278126, -0.19383486854380758], [-0.20716852931772645, 0.5788430188940585, 0.7886836881398923], [0.04463461204564033, 0.8109264255213744, -0.583443299557602]], "fy": 481.8016486169632, "fx": 480.89246459522184}, {"id": 20, "img_name": "DSC07976.JPG", "width": 646, "height": 418, "position": [1.462066325604565, -1.714622060937143, 3.436546631811843], "rotation": [[-0.9293084415343447, -0.055431720370088255, -0.3651207264314367], [-0.33257675660704944, 0.5554443784811102, 0.7621510633584845], [0.16055691033942787, 0.8297040838699938, -0.5346144514991259]], "fy": 481.8016486169632, "fx": 480.89246459522184}, {"id": 21, "img_name": "DSC07977.JPG", "width": 646, "height": 418, "position": [2.3065835929959917, -1.3984054558747518, 3.2952708440296363], "rotation": [[-0.8281871261643615, -0.0023859841296487764, -0.560446599717893], [-0.4605563159698024, 0.5727271175050869, 0.678138281395939], [0.31936493839483815, 0.8197426156752173, -0.4754241055836498]], "fy": 481.8016486169632, "fx": 480.89246459522184}, {"id": 22, "img_name": "DSC07978.JPG", "width": 646, "height": 418, "position": [2.7812817305942006, -0.9534408293106276, 2.928490677796773], "rotation": [[-0.6761908937029689, 0.03847432260015621, -0.7357211440305621], [-0.57698856562947, 0.5932916853640573, 0.5613280424232546], [0.4580939536885709, 0.8040675982641854, -0.37897919074223285]], "fy": 481.8016486169632, "fx": 480.89246459522184}, {"id": 23, "img_name": "DSC07979.JPG", "width": 646, "height": 418, "position": [3.260376150208005, -0.3516810835719023, 2.4579669813927767], "rotation": [[-0.504777157415871, 0.044973751251431014, -0.8620773648864276], [-0.6614476872202777, 0.621543649032689, 0.4197266365362999], [0.5546953924651783, 0.7820874976915971, -0.2839932526177293]], "fy": 481.8016486169632, "fx": 480.89246459522184}, {"id": 24, "img_name": "DSC07980.JPG", "width": 646, "height": 418, "position": [3.4186091696999115, 0.024793729312037244, 2.011187490690724], "rotation": [[-0.3436691190540392, 0.10973994206662231, -0.9326567866711928], [-0.7065836434698074, 0.6239621560968398, 0.3337825377995605], [0.6185718158706816, 0.7737107811541709, -0.13689607640926013]], "fy": 481.8016486169632, "fx": 480.89246459522184}, {"id": 25, "img_name": "DSC07981.JPG", "width": 646, "height": 418, "position": [3.3931233448894207, 0.582150855997427, 1.4902315547708642], "rotation": [[-0.16148458434014668, 0.1289655944956882, -0.9784122875643292], [-0.7238485910130447, 0.6584087456410178, 0.20625503860960917], [0.6707950106470081, 0.7415293649612235, -0.0129712987508934]], "fy": 481.8016486169632, "fx": 480.89246459522184}, {"id": 26, "img_name": "DSC07982.JPG", "width": 646, "height": 418, "position": [3.440579054725391, 1.1249418077050923, 0.9394102286329226], "rotation": [[0.11219725911582773, 0.14572721614744108, -0.9829421923596589], [-0.7007164611456562, 0.7129760921276944, 0.025720286425872492], [0.7045624288353752, 0.6858780289003563, 0.18210742254328435]], "fy": 481.8016486169632, "fx": 480.89246459522184}, {"id": 27, "img_name": "DSC07983.JPG", "width": 646, "height": 418, "position": [3.388153598308227, 1.6917095967281146, 0.3980617270635055], "rotation": [[0.3372504889201244, 0.08971355057732018, -0.9371305066883415], [-0.649354329726771, 0.7429071393187622, -0.16256671496437852], [0.6816165066870322, 0.6633554561409923, 0.3088016784600479]], "fy": 481.8016486169632, "fx": 480.89246459522184}, {"id": 28, "img_name": "DSC07984.JPG", "width": 646, "height": 418, "position": [3.231582202222857, 2.259470277354563, -0.1513981116690013], "rotation": [[0.54083980241422, 0.056116434546892836, -0.8392516034529165], [-0.568249050861063, 0.7600192436793166, -0.3153787650312249], [0.6201494370875849, 0.6474733160608734, 0.4429367682515054]], "fy": 481.8016486169632, "fx": 480.89246459522184}, {"id": 29, "img_name": "DSC07985.JPG", "width": 646, "height": 418, "position": [2.952883828024059, 2.7348832396892813, -0.6819184207264094], "rotation": [[0.6915974017687578, 0.020219008349357633, -0.7220001562105594], [-0.4666250813951501, 0.775510355927663, -0.4252584170382977], [0.5513202946379473, 0.6310109979630447, 0.5457756436210845]], "fy": 481.8016486169632, "fx": 480.89246459522184}, {"id": 30, "img_name": "DSC07986.JPG", "width": 646, "height": 418, "position": [2.680919237402059, 3.186438894518707, -1.1797501313964425], "rotation": [[0.7985438899059095, -0.015336382181197917, -0.6017411829645126], [-0.3654901282618052, 0.7819447507908469, -0.5049548225869412], [0.4782725394972075, 0.6231590503974344, 0.6188119066975517]], "fy": 481.8016486169632, "fx": 480.89246459522184}, {"id": 31, "img_name": "DSC07987.JPG", "width": 646, "height": 418, "position": [2.2590160417922727, 3.5633791535836554, -1.6308038015906166], "rotation": [[0.8768183448863512, -0.04706296086806292, -0.47851297556606637], [-0.2726538548549686, 0.7710559682921428, -0.5754411952526439], [0.3960422521694943, 0.6350258037870564, 0.6632441202310937]], "fy": 481.8016486169632, "fx": 480.89246459522184}, {"id": 32, "img_name": "DSC07988.JPG", "width": 646, "height": 418, "position": [1.391474120082503, 3.828044029796305, -2.0410801670704135], "rotation": [[0.9635038812094725, -0.0685242442975654, -0.2587753829824822], [-0.1075103698953398, 0.7862419737655136, -0.6084941076578115], [0.24515666676484651, 0.614107471565651, 0.7501801264416388]], "fy": 481.8016486169632, "fx": 480.89246459522184}, {"id": 33, "img_name": "DSC07989.JPG", "width": 646, "height": 418, "position": [0.5901275110536519, 3.5960645865224037, -2.589541594804261], "rotation": [[0.9884067255375731, -0.08691760944160272, -0.12448885123194726], [0.016183933809716756, 0.8755686508286563, -0.48282255329730533], [0.150964317633458, 0.47521033959189446, 0.8668246119870046]], "fy": 481.8016486169632, "fx": 480.89246459522184}, {"id": 34, "img_name": "DSC07990.JPG", "width": 646, "height": 418, "position": [-0.23315362232385575, 3.487740645486913, -2.5810983023532708], "rotation": [[0.985483300799898, -0.14919778398075884, 0.08101040118261703], [0.1697544745844163, 0.8728935013116033, -0.45742797654553136], [-0.002466212299556412, 0.4645395102929365, 0.8855489603481516]], "fy": 481.8016486169632, "fx": 480.89246459522184}, {"id": 35, "img_name": "DSC07991.JPG", "width": 646, "height": 418, "position": [-0.8488220230195141, 3.3351368005113278, -2.53058416786149], "rotation": [[0.9650882777481724, -0.15812947354369233, 0.2088053776842475], [0.2380690859106405, 0.8619822235232605, -0.44755977998873814], [-0.10921413135093194, 0.4816448026571971, 0.8695346787716812]], "fy": 481.8016486169632, "fx": 480.89246459522184}, {"id": 36, "img_name": "DSC07992.JPG", "width": 646, "height": 418, "position": [-1.4767452438731599, 3.008360837752559, -2.347881690552185], "rotation": [[0.9169824504987384, -0.21134267037414195, 0.33834518048356393], [0.345431759430022, 0.8449026518110038, -0.4084316448805273], [-0.19954970572368189, 0.4913998215728822, 0.8477653745605156]], "fy": 481.8016486169632, "fx": 480.89246459522184}, {"id": 37, "img_name": "DSC07993.JPG", "width": 646, "height": 418, "position": [-1.9829509853272727, 2.6892787266861333, -2.109290742196155], "rotation": [[0.8551915087247944, -0.244669705916506, 0.45692911749169607], [0.42206772163375644, 0.8404210611242509, -0.33992834299845887], [-0.30084268606682063, 0.4835588640750146, 0.8219881405559216]], "fy": 481.8016486169632, "fx": 480.89246459522184}, {"id": 38, "img_name": "DSC07994.JPG", "width": 646, "height": 418, "position": [-2.4452773153357414, 2.3342212958426005, -1.8352705830305807], "rotation": [[0.7655293534249882, -0.28307273472609334, 0.5777842468425478], [0.5119631825049554, 0.8119037289396519, -0.28054595825512396], [-0.38969027291442254, 0.5105704278437782, 0.7664589548092604]], "fy": 481.8016486169632, "fx": 480.89246459522184}, {"id": 39, "img_name": "DSC07995.JPG", "width": 646, "height": 418, "position": [-2.8862213377422785, 1.9205671615445372, -1.510229878053742], "rotation": [[0.645474574965378, -0.3178477241679278, 0.6945037057601157], [0.5914951162026515, 0.78329818022857, -0.1912524205311459], [-0.4832143422764647, 0.5342441249951932, 0.6936044364956471]], "fy": 481.8016486169632, "fx": 480.89246459522184}, {"id": 40, "img_name": "DSC07996.JPG", "width": 646, "height": 418, "position": [-3.184217168075638, 1.4270523273398745, -1.0453172474495218], "rotation": [[0.4933850190382232, -0.3724375835810101, 0.7860416460499983], [0.6565749850802693, 0.7521999637558286, -0.055718071508032645], [-0.5705089937551352, 0.5435857437995115, 0.6156573943212535]], "fy": 481.8016486169632, "fx": 480.89246459522184}, {"id": 41, "img_name": "DSC07997.JPG", "width": 646, "height": 418, "position": [-3.513685647392011, 0.9910126394777159, -0.6878110021889776], "rotation": [[0.26930314145117284, -0.36632655329000435, 0.8906630532132761], [0.6764387334294432, 0.7302397360257149, 0.09581527981206853], [-0.685497234072392, 0.5766756317755762, 0.4444533246532643]], "fy": 481.8016486169632, "fx": 480.89246459522184}, {"id": 42, "img_name": "DSC07998.JPG", "width": 646, "height": 418, "position": [-3.6015936786844605, 0.5314423319077878, -0.220427592517175], "rotation": [[0.20005015815447125, -0.4253616986793837, 0.8826365953884757], [0.7218857408836958, 0.6730812065769303, 0.16075654407127926], [-0.6624657812530155, 0.6050034005272472, 0.4417125468212317]], "fy": 481.8016486169632, "fx": 480.89246459522184}, {"id": 43, "img_name": "DSC07999.JPG", "width": 646, "height": 418, "position": [-3.690280762403373, 0.0681334157824586, 0.18772403368980348], "rotation": [[0.041533072657965645, -0.4296003707614237, 0.9020634818665672], [0.7188927029452457, 0.6398537259840067, 0.2716256449536058], [-0.6938791577268094, 0.6372054070596315, 0.3354116630147234]], "fy": 481.8016486169632, "fx": 480.89246459522184}, {"id": 44, "img_name": "DSC08000.JPG", "width": 646, "height": 418, "position": [-3.5787007698260918, -0.3996329644336087, 0.6604720346599933], "rotation": [[-0.16764666691351496, -0.4542759647885054, 0.8749445370354979], [0.6888608122123233, 0.580911674091849, 0.43360397634475567], [-0.7052413604369551, 0.6754072658176532, 0.2155450041400979]], "fy": 481.8016486169632, "fx": 480.89246459522184}, {"id": 45, "img_name": "DSC08001.JPG", "width": 646, "height": 418, "position": [-3.434715997944096, -0.793353406572724, 1.0517798615857348], "rotation": [[-0.30260496120760244, -0.44387752812494846, 0.843447080425459], [0.6430530428797664, 0.5580955722795424, 0.5244159763442026], [-0.7035005483264519, 0.701072087753931, 0.11655430612691146]], "fy": 481.8016486169632, "fx": 480.89246459522184}, {"id": 46, "img_name": "DSC08002.JPG", "width": 646, "height": 418, "position": [-3.116572309973143, -1.1476566817625486, 1.4512297138428059], "rotation": [[-0.4334194850223769, -0.4370973104379584, 0.7880948491208664], [0.5902370077436836, 0.5231539652134103, 0.6147602812245346], [-0.6810050107691725, 0.7316118300638591, 0.0312458864155016]], "fy": 481.8016486169632, "fx": 480.89246459522184}, {"id": 47, "img_name": "DSC08003.JPG", "width": 646, "height": 418, "position": [-2.72133347991483, -1.497452756021703, 1.8540049850020097], "rotation": [[-0.5672125040999405, -0.4191094168463967, 0.7089550563352713], [0.5153665491986018, 0.4908250634610655, 0.7024870653937806], [-0.6423918548361268, 0.7638311683802345, -0.06240713942399732]], "fy": 481.8016486169632, "fx": 480.89246459522184}, {"id": 48, "img_name": "DSC08004.JPG", "width": 646, "height": 418, "position": [-2.3655643310080072, -1.746258306954225, 2.153291988935732], "rotation": [[-0.683878563675987, -0.3750573125688337, 0.625813168951495], [0.4553331598575588, 0.45080555445327475, 0.7677539095362564], [-0.5700717706382232, 0.8100039286094356, -0.137520223817011]], "fy": 481.8016486169632, "fx": 480.89246459522184}, {"id": 49, "img_name": "DSC08005.JPG", "width": 646, "height": 418, "position": [-1.9077294634360578, -2.008651164249519, 2.4781802261662156], "rotation": [[-0.785882506919772, -0.33898342412647214, 0.5171836458019394], [0.3560393874880363, 0.43577469944443686, 0.826641618769134], [-0.5055933542627291, 0.8337809361526581, -0.22177626255701763]], "fy": 481.8016486169632, "fx": 480.89246459522184}, {"id": 50, "img_name": "DSC08006.JPG", "width": 646, "height": 418, "position": [-1.3242792846023022, -2.184331014670725, 2.7270831443436134], "rotation": [[-0.8856189336634617, -0.27267679104655906, 0.37593413247714663], [0.24644316496212607, 0.4101746108338729, 0.8780789002536912], [-0.3936303732948513, 0.8702896967400178, -0.29605907006528975]], "fy": 481.8016486169632, "fx": 480.89246459522184}, {"id": 51, "img_name": "DSC08007.JPG", "width": 646, "height": 418, "position": [-0.7682587317236929, -2.285560347982339, 2.9242821960502936], "rotation": [[-0.9461927807538567, -0.22082973344804677, 0.23654481705281144], [0.13741935982319384, 0.38759460448704497, 0.9115296715512416], [-0.29297634920769117, 0.894988631993611, -0.3363929360244309]], "fy": 481.8016486169632, "fx": 480.89246459522184}, {"id": 52, "img_name": "DSC08008.JPG", "width": 646, "height": 418, "position": [-0.14574571097104203, -2.374852149349522, 3.103370969126109], "rotation": [[-0.9840505466004347, -0.16407400831695967, 0.06873311814686425], [0.0013032829899155844, 0.37972190577512394, 0.9250997652836995], [-0.17788429719576923, 0.9104345083910834, -0.37345171407004246]], "fy": 481.8016486169632, "fx": 480.89246459522184}, {"id": 53, "img_name": "DSC08009.JPG", "width": 646, "height": 418, "position": [0.4743797041425217, -2.381922235741325, 3.210741021962411], "rotation": [[-0.990632613980255, -0.10163436157680025, -0.09120022294667361], [-0.12438357832938492, 0.39597461833285463, 0.909798234268526], [-0.05635378923040147, 0.9126196130825955, -0.4049070168030545]], "fy": 481.8016486169632, "fx": 480.89246459522184}, {"id": 54, "img_name": "DSC08010.JPG", "width": 646, "height": 418, "position": [1.1603401893677585, -2.2925773614669156, 3.2175814489335126], "rotation": [[-0.9716734657677143, -0.04482477638668999, -0.23203753003521424], [-0.2307271899667133, 0.392412515576005, 0.890380470040407], [0.051143325400524096, 0.9186964444478899, -0.3916391237169514]], "fy": 481.8016486169632, "fx": 480.89246459522184}, {"id": 55, "img_name": "DSC08011.JPG", "width": 646, "height": 418, "position": [1.736262083418546, -2.0335435212989665, 3.062267814801699], "rotation": [[-0.913992823821998, -0.0005980303883314068, -0.40572991060746866], [-0.3697520864853022, 0.412915644809743, 0.8323365093585164], [0.16703446513116812, 0.9107690775553421, -0.3776230591838051]], "fy": 481.8016486169632, "fx": 480.89246459522184}, {"id": 56, "img_name": "DSC08012.JPG", "width": 646, "height": 418, "position": [2.369407392588093, -1.6559689532587418, 2.8267242914358968], "rotation": [[-0.8014865407662715, 0.0588083911331571, -0.5951141891291499], [-0.5108286652692288, 0.4500805366183809, 0.7324490325589684], [0.3109234627842908, 0.8910494283089128, -0.33069248041131183]], "fy": 481.8016486169632, "fx": 480.89246459522184}, {"id": 57, "img_name": "DSC08013.JPG", "width": 646, "height": 418, "position": [2.951347113500375, -1.3390848738071384, 2.594147216210519], "rotation": [[-0.6947539356222574, 0.1200068001331424, -0.7091652394605843], [-0.5870053002068454, 0.4751498452725284, 0.6554825719014682], [0.41562211979928987, 0.8716828508461643, -0.2596675972743775]], "fy": 481.8016486169632, "fx": 480.89246459522184}, {"id": 58, "img_name": "DSC08014.JPG", "width": 646, "height": 418, "position": [3.3360472036037945, -0.7304655703696042, 2.105825780204922], "rotation": [[-0.5063285492572456, 0.18939236654952804, -0.8412858798885322], [-0.6659211033450404, 0.5339627889028574, 0.5209921536710572], [0.5478872916273719, 0.8240232227066491, -0.14424023056474652]], "fy": 481.8016486169632, "fx": 480.89246459522184}, {"id": 59, "img_name": "DSC08015.JPG", "width": 646, "height": 418, "position": [3.5528543200982656, -0.3466130520406249, 1.6161105608106192], "rotation": [[-0.3095515365882029, 0.26793396097141425, -0.912353680736835], [-0.7064273681160333, 0.5774602398151747, 0.4092676935811756], [0.6365046895133896, 0.771201052897861, 0.010522178324560786]], "fy": 481.8016486169632, "fx": 480.89246459522184}, {"id": 60, "img_name": "DSC08016.JPG", "width": 646, "height": 418, "position": [3.421574542446566, 0.12189413724997294, 1.142881663725661], "rotation": [[-0.15972416952917148, 0.3122516179793008, -0.9364759029134306], [-0.7204641653150553, 0.6116505068068174, 0.3268257089334375], [0.6748478170410697, 0.7268992946703636, 0.1272707320739167]], "fy": 481.8016486169632, "fx": 480.89246459522184}, {"id": 61, "img_name": "DSC08017.JPG", "width": 646, "height": 418, "position": [3.4116255723577833, 0.6771133550559352, 0.6290282866379502], "rotation": [[0.10256031533387712, 0.3264758837960733, -0.9396248607918952], [-0.7180042119655736, 0.6780499195794543, 0.15722041266321485], [0.6884412344698067, 0.6585300326164848, 0.30395207323494267]], "fy": 481.8016486169632, "fx": 480.89246459522184}, {"id": 62, "img_name": "DSC08018.JPG", "width": 646, "height": 418, "position": [3.2917860274572868, 1.3135956447161312, 0.01625701591288342], "rotation": [[0.35224589925550587, 0.2766514320214864, -0.8940843425640227], [-0.6504901780862099, 0.7592143413709072, -0.021356780424742594], [0.6728932713819114, 0.5891159215444789, 0.44738917768733344]], "fy": 481.8016486169632, "fx": 480.89246459522184}, {"id": 63, "img_name": "DSC08019.JPG", "width": 646, "height": 418, "position": [3.0711157928264083, 1.8055829195143984, -0.4999572683446092], "rotation": [[0.556878604599565, 0.20832386008779646, -0.8040443949542597], [-0.5448442872378954, 0.822281870680667, -0.16430833154205163], [0.626921783321868, 0.5295787896696987, 0.5714152457963522]], "fy": 481.8016486169632, "fx": 480.89246459522184}, {"id": 64, "img_name": "DSC08020.JPG", "width": 646, "height": 418, "position": [2.7250116628597403, 2.167227343754986, -0.9084193949156477], "rotation": [[0.7052677479689381, 0.15915245022385097, -0.6908457868892065], [-0.4497745788407639, 0.853697414795185, -0.26249486128423755], [0.5479965619449048, 0.495854032513362, 0.6736679794504129]], "fy": 481.8016486169632, "fx": 480.89246459522184}, {"id": 65, "img_name": "DSC08021.JPG", "width": 646, "height": 418, "position": [2.3881075916904266, 2.5547062265898783, -1.3676958030654212], "rotation": [[0.8051189658910429, 0.11119158246420092, -0.5825975306776062], [-0.35828525112974796, 0.8739747120724407, -0.32832892269915487], [0.4726680966443905, 0.473079945302061, 0.7434919204453857]], "fy": 481.8016486169632, "fx": 480.89246459522184}, {"id": 66, "img_name": "DSC08022.JPG", "width": 646, "height": 418, "position": [1.8503977406583043, 2.8778760706151285, -1.7492011139803216], "rotation": [[0.906531409100321, 0.04715181082626008, -0.41949673544664334], [-0.22668231275085424, 0.8926860372715493, -0.38952120346181657], [0.35611224831576677, 0.44820569563117174, 0.8199364127804468]], "fy": 481.8016486169632, "fx": 480.89246459522184}, {"id": 67, "img_name": "DSC08023.JPG", "width": 646, "height": 418, "position": [1.220214276770455, 3.2059992513115474, -2.2186063887054104], "rotation": [[0.9700871211223033, -0.02289006678044921, -0.24167544822639336], [-0.09262039683748464, 0.8853362190075197, -0.45563279228248715], [0.22439349260241132, 0.46438757967483996, 0.8567331768534681]], "fy": 481.8016486169632, "fx": 480.89246459522184}, {"id": 68, "img_name": "DSC08024.JPG", "width": 646, "height": 418, "position": [0.4718903305230918, 3.267341961660064, -2.41458719056598], "rotation": [[0.9934337708528402, -0.0803225452295952, -0.08147166168027944], [0.03482220148685332, 0.8906075328616709, -0.4534375775050592], [0.10898053593516263, 0.4476231798487286, 0.8875566075746367]], "fy": 481.8016486169632, "fx": 480.89246459522184}, {"id": 69, "img_name": "DSC08025.JPG", "width": 646, "height": 418, "position": [0.49129137476381346, 3.0645850234549923, -2.7716369036298842], "rotation": [[0.9908159115831006, -0.08946454547166655, -0.10138996231036485], [0.03188053426159361, 0.8832505834550304, -0.4678162442258111], [0.13140571102103762, 0.4602874123087623, 0.8779909095094088]], "fy": 481.8016486169632, "fx": 480.89246459522184}, {"id": 70, "img_name": "DSC08026.JPG", "width": 646, "height": 418, "position": [-0.2863754180838534, 2.9286657913480854, -2.707258515556284], "rotation": [[0.9842086779335233, -0.1501615286270324, 0.09372722977203159], [0.17634532732769956, 0.8776860466137236, -0.4456114104343142], [-0.015349391194205978, 0.4551029761493164, 0.8903065074961554]], "fy": 481.8016486169632, "fx": 480.89246459522184}, {"id": 71, "img_name": "DSC08027.JPG", "width": 646, "height": 418, "position": [-0.9714801843524623, 2.6573188425621495, -2.584125322843998], "rotation": [[0.9445076808023884, -0.21067644187561296, 0.2520330885894242], [0.2979403494646074, 0.8725341668160662, -0.3871894573713245], [-0.1383357837517131, 0.4407942429039024, 0.8868842350366675]], "fy": 481.8016486169632, "fx": 480.89246459522184}, {"id": 72, "img_name": "DSC08028.JPG", "width": 646, "height": 418, "position": [-1.6074096623382101, 2.3921847193720995, -2.3695566984895846], "rotation": [[0.8855567566987037, -0.2556371965511372, 0.38786447943160274], [0.3851301281889249, 0.8708938870124131, -0.30531724799885157], [-0.2597383587890999, 0.4197540485854606, 0.869679552289037]], "fy": 481.8016486169632, "fx": 480.89246459522184}, {"id": 73, "img_name": "DSC08029.JPG", "width": 646, "height": 418, "position": [-2.2369709915648457, 1.939662160535447, -2.0381358005663914], "rotation": [[0.7626213279555645, -0.35175297467562083, 0.5428430297555118], [0.5183295158697507, 0.8343667253563858, -0.1875278128606294], [-0.386966695111506, 0.42438427447881893, 0.818629809162582]], "fy": 481.8016486169632, "fx": 480.89246459522184}, {"id": 74, "img_name": "DSC08030.JPG", "width": 646, "height": 418, "position": [-2.800283601240998, 1.4214641365418783, -1.6074406913762782], "rotation": [[0.6081271584773229, -0.4227602747988784, 0.6719040922440297], [0.61206792572234, 0.7886955191434865, -0.057725491638774676], [-0.5055237021389294, 0.4463553832261497, 0.7383851694344815]], "fy": 481.8016486169632, "fx": 480.89246459522184}, {"id": 75, "img_name": "DSC08031.JPG", "width": 646, "height": 418, "position": [-3.1587547912909817, 0.9249429606528414, -1.1719717768689137], "rotation": [[0.45341499613154235, -0.46540761688515386, 0.7601385343661479], [0.6680700115431681, 0.7420027491770196, 0.055806629448982625], [-0.5899977126733159, 0.4825221967526745, 0.6473600456324352]], "fy": 481.8016486169632, "fx": 480.89246459522184}, {"id": 76, "img_name": "DSC08032.JPG", "width": 646, "height": 418, "position": [-3.37532169144686, 0.42314350335852363, -0.6531309419438083], "rotation": [[0.2798400395178229, -0.5042613216043357, 0.8169516949101163], [0.7125399250950889, 0.6793862112741484, 0.17527473028375629], [-0.643409983935708, 0.5330618120484781, 0.5494257885351255]], "fy": 481.8016486169632, "fx": 480.89246459522184}, {"id": 77, "img_name": "DSC08033.JPG", "width": 646, "height": 418, "position": [-3.485637593966954, -0.1813172579539849, -0.11556107702544358], "rotation": [[0.11003050234028625, -0.5224294293669679, 0.8455535346067973], [0.7259699867706134, 0.623295800242548, 0.29063709967634366], [-0.6788673411374416, 0.58186754225623, 0.44784963593339533]], "fy": 481.8016486169632, "fx": 480.89246459522184}, {"id": 78, "img_name": "DSC08034.JPG", "width": 646, "height": 418, "position": [-3.413458564624299, -0.6293921884774092, 0.3490948081018768], "rotation": [[-0.09839687491084985, -0.5323686440499328, 0.8407744536082282], [0.707195988734511, 0.55700489824843, 0.4354530707723549], [-0.7001370498163885, 0.637439542356522, 0.32168142830246177]], "fy": 481.8016486169632, "fx": 480.89246459522184}, {"id": 79, "img_name": "DSC08035.JPG", "width": 646, "height": 418, "position": [-3.27076493990736, -1.123340498296452, 0.8453761337941337], "rotation": [[-0.2974182541655743, -0.530576212672219, 0.7937450879441752], [0.6569376817168407, 0.489545847760485, 0.5733914415832968], [-0.6928024714372812, 0.6919781394573622, 0.2029556357520594]], "fy": 481.8016486169632, "fx": 480.89246459522184}, {"id": 80, "img_name": "DSC08036.JPG", "width": 646, "height": 418, "position": [-2.9007353639915636, -1.5361913377224594, 1.3062642289993402], "rotation": [[-0.497447415832187, -0.49015367044661584, 0.7157481734727575], [0.56735584017441, 0.44032920617752025, 0.6958574141352982], [-0.6562418906941765, 0.752236378763208, 0.059050921782365234]], "fy": 481.8016486169632, "fx": 480.89246459522184}, {"id": 81, "img_name": "DSC08037.JPG", "width": 646, "height": 418, "position": [-2.50520588848682, -1.8711190821254218, 1.7184157105091837], "rotation": [[-0.6465604630554241, -0.4377142735610398, 0.6247925914529445], [0.4878229436692867, 0.3924429716924223, 0.7797546342273652], [-0.5865051945578887, 0.8089466785209959, -0.0402110440856892]], "fy": 481.8016486169632, "fx": 480.89246459522184}, {"id": 82, "img_name": "DSC08038.JPG", "width": 646, "height": 418, "position": [-1.8224082952995166, -2.180651644714131, 2.1531474556746897], "rotation": [[-0.7795140575678826, -0.3880030056887888, 0.4917433290147636], [0.36785582058630517, 0.3518473880856081, 0.8607470654949174], [-0.5069910544721992, 0.8518550833761581, -0.13154082108367188]], "fy": 481.8016486169632, "fx": 480.89246459522184}, {"id": 83, "img_name": "DSC08039.JPG", "width": 646, "height": 418, "position": [-1.1913265878500086, -2.393267768380364, 2.4364559455765176], "rotation": [[-0.883569957397844, -0.31702631257987546, 0.34467150667843044], [0.2470535336425866, 0.3096944481411592, 0.9181796666803584], [-0.3978299660642515, 0.8964282826431516, -0.1953142395698954]], "fy": 481.8016486169632, "fx": 480.89246459522184}, {"id": 84, "img_name": "DSC08040.JPG", "width": 646, "height": 418, "position": [-0.395249345045993, -2.549100633649739, 2.7317106615041995], "rotation": [[-0.9556181296755701, -0.22918197932164652, 0.18512052989762443], [0.11049483463576219, 0.30367682974407817, 0.9463462762622366], [-0.2731023283573035, 0.9248005208858818, -0.26487565915920036]], "fy": 481.8016486169632, "fx": 480.89246459522184}, {"id": 85, "img_name": "DSC08041.JPG", "width": 646, "height": 418, "position": [0.5110841916252604, -2.4737563207630577, 2.8337724376178857], "rotation": [[-0.992555967569256, -0.09981802032993105, -0.0697783208458839], [-0.09679801089799292, 0.29886048959043604, 0.9493748221055563], [-0.0739107321628577, 0.9490620478025543, -0.30629794823336937]], "fy": 481.8016486169632, "fx": 480.89246459522184}, {"id": 86, "img_name": "DSC08042.JPG", "width": 646, "height": 418, "position": [1.2742327835200487, -2.37469046547646, 2.8247070226051867], "rotation": [[-0.9680199593708573, -0.010187919656934344, -0.2506662413503422], [-0.24079238160952537, 0.31812629746034893, 0.916959479924267], [0.07040161374895391, 0.9479935997448684, -0.3104057789802082]], "fy": 481.8016486169632, "fx": 480.89246459522184}, {"id": 87, "img_name": "DSC08043.JPG", "width": 646, "height": 418, "position": [1.98151459276977, -2.019613830169212, 2.615664012472917], "rotation": [[-0.882869221925802, 0.08939792782981142, -0.4610313953255941], [-0.40987998721869806, 0.33247947112501036, 0.849385541057789], [0.2292167817890486, 0.93886389417219, -0.25689347046217853]], "fy": 481.8016486169632, "fx": 480.89246459522184}, {"id": 88, "img_name": "DSC08044.JPG", "width": 646, "height": 418, "position": [2.673465676328889, -1.6600971992527218, 2.40882244714891], "rotation": [[-0.7699328651173908, 0.16420138612113286, -0.6166370796570898], [-0.5214005591155757, 0.3952289036336953, 0.7562642201548821], [0.3678924301560045, 0.9037875959142202, -0.2186850276207849]], "fy": 481.8016486169632, "fx": 480.89246459522184}, {"id": 89, "img_name": "DSC08045.JPG", "width": 646, "height": 418, "position": [3.1909955405976276, -1.114500686545877, 2.0006981612760497], "rotation": [[-0.5783732003190828, 0.22891013442603256, -0.7829971848670446], [-0.632724100634979, 0.4799701266364021, 0.6076914430961597], [0.5149219879052734, 0.8468936343447694, -0.13276489926930757]], "fy": 481.8016486169632, "fx": 480.89246459522184}, {"id": 90, "img_name": "DSC08046.JPG", "width": 646, "height": 418, "position": [3.511479084675387, -0.537546778244924, 1.4507685996105282], "rotation": [[-0.38780819666580446, 0.31389346542167224, -0.8666462340334665], [-0.6892794731449092, 0.5254784914409433, 0.4987646368118199], [0.6119629159515245, 0.7907864739602743, 0.012575456317100454]], "fy": 481.8016486169632, "fx": 480.89246459522184}, {"id": 91, "img_name": "DSC08047.JPG", "width": 646, "height": 418, "position": [3.2451383228325006, 0.15148312288499466, 0.7352244677784143], "rotation": [[-0.08074745993547573, 0.3983400183363464, -0.9136766810561425], [-0.7315222718426874, 0.5989525551676451, 0.32577753522344405], [0.6770192120701464, 0.694680549929209, 0.2430306977276117]], "fy": 481.8016486169632, "fx": 480.89246459522184}, {"id": 92, "img_name": "DSC08048.JPG", "width": 646, "height": 418, "position": [3.3860792853659345, 0.6894721107814132, 0.22881817818754066], "rotation": [[0.1537602627826855, 0.37133494785948207, -0.915679058451811], [-0.708417235413271, 0.6874591074104243, 0.1598280207219021], [0.6888416379389513, 0.6241076286480229, 0.3687639701827227]], "fy": 481.8016486169632, "fx": 480.89246459522184}, {"id": 93, "img_name": "DSC08049.JPG", "width": 646, "height": 418, "position": [3.4209583229435943, 1.2650837597368012, -0.3151233849323939], "rotation": [[0.3650515741405111, 0.319054136506635, -0.8746095164103468], [-0.6450171658335334, 0.7641087607412778, 0.009521425234954549], [0.671334643823489, 0.5606623402159577, 0.4847345008001335]], "fy": 481.8016486169632, "fx": 480.89246459522184}, {"id": 94, "img_name": "DSC08050.JPG", "width": 646, "height": 418, "position": [3.183232838888694, 1.6976751345819, -0.7701921079713476], "rotation": [[0.5751859098953186, 0.2587965202184753, -0.7760061405560547], [-0.5505120382846035, 0.8241323940060717, -0.13320019839907024], [0.6050600505417837, 0.5038155994732884, 0.6164999407670251]], "fy": 481.8016486169632, "fx": 480.89246459522184}, {"id": 95, "img_name": "DSC08051.JPG", "width": 646, "height": 418, "position": [2.7942535726151223, 2.0303791959542465, -1.1732558262239199], "rotation": [[0.7114205515174058, 0.19314838967306275, -0.6757029661362843], [-0.4429409972147081, 0.8697055272763466, -0.21775116259485675], [0.5456043180411146, 0.4542091978281313, 0.7042797262048764]], "fy": 481.8016486169632, "fx": 480.89246459522184}, {"id": 96, "img_name": "DSC08052.JPG", "width": 646, "height": 418, "position": [2.093527463157009, 2.3677113266935246, -1.5910766738880386], "rotation": [[0.8478847629578938, 0.14406334192108236, -0.5102324786392625], [-0.3194612911876693, 0.9068747601388698, -0.2748138512807804], [0.4231263548593294, 0.3960100035827341, 0.814947952255762]], "fy": 481.8016486169632, "fx": 480.89246459522184}, {"id": 97, "img_name": "DSC08053.JPG", "width": 646, "height": 418, "position": [1.4309320727565833, 2.619529546669317, -1.92279308653526], "rotation": [[0.9399109805299802, 0.06597185796288688, -0.33498516778522586], [-0.17926086396429075, 0.9303919501564608, -0.31974421298099165], [0.29057338372594843, 0.36058082733415325, 0.886311782404516]], "fy": 481.8016486169632, "fx": 480.89246459522184}, {"id": 98, "img_name": "DSC08054.JPG", "width": 646, "height": 418, "position": [0.8070498322074485, 2.844221702574684, -2.292355878041384], "rotation": [[0.9790186024622397, -0.029116573788887518, -0.20167994735143974], [-0.04796017204271569, 0.9290093578918023, -0.3669351916171225], [0.19804645397107304, 0.36890898346375034, 0.9081210073493654]], "fy": 481.8016486169632, "fx": 480.89246459522184}, {"id": 99, "img_name": "DSC08055.JPG", "width": 646, "height": 418, "position": [0.8943303192027582, 2.4980807996524885, -2.75762155717217], "rotation": [[0.9855974708657851, -0.03521130648708821, -0.16540190240272418], [-0.017296012251915988, 0.9519640897010698, -0.3057208201608052], [0.16822150095380062, 0.30417846047195085, 0.937644383976017]], "fy": 481.8016486169632, "fx": 480.89246459522184}, {"id": 100, "img_name": "DSC08056.JPG", "w