[{"id": 0, "img_name": "DSCF0656.JPG", "width": 387, "height": 259, "position": [2.4105772827475067, 3.0944806536171807, -1.5412998911504932], "rotation": [[0.6370023519990125, 0.10649869738637528, -0.7634697315563541], [-0.4145900296979681, 0.8823026346866453, -0.2228388837255343], [0.6498793048118738, 0.4584758317294483, 0.6061821515825307]], "fy": 405.2763407507066, "fx": 403.6256127295953}, {"id": 1, "img_name": "DSCF0657.JPG", "width": 387, "height": 259, "position": [2.5109845375474267, 3.0141230523455658, -1.498803695247068], "rotation": [[0.6086727005746136, 0.11825878369821019, -0.7845587318062471], [-0.43031128271507196, 0.879971692464295, -0.20120144241439558], [0.6665956372069323, 0.4600702995627341, 0.5865028353869569]], "fy": 405.2763407507066, "fx": 403.6256127295953}, {"id": 2, "img_name": "DSCF0658.JPG", "width": 387, "height": 259, "position": [2.6312049599277696, 2.9076473117701753, -1.403049466703679], "rotation": [[0.5710165868772649, 0.13787702257804893, -0.8092774457230667], [-0.4569996446096614, 0.8723141935412326, -0.1738369137241916], [0.6819760863385766, 0.4691032662341217, 0.5611156237985152]], "fy": 405.2763407507066, "fx": 403.6256127295953}, {"id": 3, "img_name": "DSCF0659.JPG", "width": 387, "height": 259, "position": [2.745089690536999, 2.8376188241101277, -1.289568374595054], "rotation": [[0.5326621730684469, 0.15417451405428925, -0.8321665870474034], [-0.47535388459364375, 0.8680207794903988, -0.14345246869473305], [0.7002211749038534, 0.47198532348898764, 0.5356492888329667]], "fy": 405.2763407507066, "fx": 403.6256127295953}, {"id": 4, "img_name": "DSCF0660.JPG", "width": 387, "height": 259, "position": [2.8546442170202773, 2.716140495091152, -1.1709791775825582], "rotation": [[0.4830294887674014, 0.16406562632651317, -0.8600959151392313], [-0.4951426470468887, 0.8613303460547156, -0.11377079607994281], [0.7221608353105995, 0.4808248176034103, 0.49728384522337366]], "fy": 405.2763407507066, "fx": 403.6256127295953}, {"id": 5, "img_name": "DSCF0661.JPG", "width": 387, "height": 259, "position": [2.9438171816857825, 2.5955724057455862, -1.0132966456134598], "rotation": [[0.4522833876717476, 0.18394880329355717, -0.8726984444829928], [-0.5108781906471841, 0.855495557523359, -0.08444421459671907], [0.7310562300926154, 0.4840353177451676, 0.48090186069312246]], "fy": 405.2763407507066, "fx": 403.6256127295953}, {"id": 6, "img_name": "DSCF0662.JPG", "width": 387, "height": 259, "position": [3.0442678249120867, 2.4762826262655433, -0.8767933455175964], "rotation": [[0.4122792509642718, 0.1868388948434877, -0.8916933590635309], [-0.5285420327041137, 0.8462545561535323, -0.06705628870129694], [0.7420708449261044, 0.4989433370264125, 0.4476454038048477]], "fy": 405.2763407507066, "fx": 403.6256127295953}, {"id": 7, "img_name": "DSCF0663.JPG", "width": 387, "height": 259, "position": [3.1394571249476164, 2.373189623041849, -0.7365476542563626], "rotation": [[0.3583448266433059, 0.19835995227905542, -0.912273157858889], [-0.5402506397316558, 0.8409921031254639, -0.029351809997776628], [0.7613922980221925, 0.5033742264086033, 0.4085292605187841]], "fy": 405.2763407507066, "fx": 403.6256127295953}, {"id": 8, "img_name": "DSCF0664.JPG", "width": 387, "height": 259, "position": [3.1949676723132256, 2.240869072920413, -0.554144117024185], "rotation": [[0.31854351542952974, 0.20244323603210856, -0.9260382092347186], [-0.5516134947977702, 0.8340669327230912, -0.007409729744394937], [0.7708777990932071, 0.5131754942733943, 0.3773570337789799]], "fy": 405.2763407507066, "fx": 403.6256127295953}, {"id": 9, "img_name": "DSCF0665.JPG", "width": 387, "height": 259, "position": [3.264133682754191, 2.153302897459693, -0.4075404094156007], "rotation": [[0.27801812322549957, 0.2179548639958032, -0.9355221004437799], [-0.5596083014273568, 0.8283277688947028, 0.02667688609099673], [0.7807332912920771, 0.5161092757725775, 0.35225948295219267]], "fy": 405.2763407507066, "fx": 403.6256127295953}, {"id": 10, "img_name": "DSCF0666.JPG", "width": 387, "height": 259, "position": [3.3216500335127495, 2.0211266981369724, -0.2615530833542396], "rotation": [[0.2368114485593062, 0.2213876631327127, -0.9459956873283725], [-0.5683492737471237, 0.821271400216476, 0.04992384417877029], [0.7879717259282596, 0.5258334240033679, 0.3203119875036435]], "fy": 405.2763407507066, "fx": 403.6256127295953}, {"id": 11, "img_name": "DSCF0667.JPG", "width": 387, "height": 259, "position": [3.3719271624558553, 1.885845917268053, -0.07976815454489038], "rotation": [[0.17941716199188137, 0.23467946333825015, -0.955371671900549], [-0.569938924159478, 0.8163504375273277, 0.0934964484720012], [0.8018597787086694, 0.5277286354142738, 0.28022023954930964]], "fy": 405.2763407507066, "fx": 403.6256127295953}, {"id": 12, "img_name": "DSCF0668.JPG", "width": 387, "height": 259, "position": [3.397585462539441, 1.7687054802282782, 0.09958231648189238], "rotation": [[0.13778683473912717, 0.23309278276657913, -0.9626435180245616], [-0.567913827206066, 0.8148695943675162, 0.11602339868956656], [0.8114731499197807, 0.5307120676953292, 0.24465491648813667]], "fy": 405.2763407507066, "fx": 403.6256127295953}, {"id": 13, "img_name": "DSCF0669.JPG", "width": 387, "height": 259, "position": [3.414712615842985, 1.6637748898025875, 0.26907489174337845], "rotation": [[0.08176295768210064, 0.2414397007036042, -0.9669651956897044], [-0.5720787156413476, 0.8058335124253734, 0.15283420220072333], [0.81611320407234, 0.5406840308131353, 0.20400984525860355]], "fy": 405.2763407507066, "fx": 403.6256127295953}, {"id": 14, "img_name": "DSCF0670.JPG", "width": 387, "height": 259, "position": [3.4079441588744452, 1.5685196792070148, 0.4558892461200118], "rotation": [[0.027412532640073446, 0.24317015236477557, -0.9695962201107987], [-0.5783752654531106, 0.7949743970493292, 0.18302393381221896], [0.8153101283354087, 0.5557733216293738, 0.16243586303138785]], "fy": 405.2763407507066, "fx": 403.6256127295953}, {"id": 15, "img_name": "DSCF0671.JPG", "width": 387, "height": 259, "position": [3.4011301105284133, 1.4422992098821086, 0.6279554560215553], "rotation": [[-0.015423256908731734, 0.2488690035497637, -0.9684143442857888], [-0.5749032382438112, 0.7902178444019387, 0.21223106522263124], [0.8180760293536942, 0.5600178367345998, 0.13088786321119453]], "fy": 405.2763407507066, "fx": 403.6256127295953}, {"id": 16, "img_name": "DSCF0672.JPG", "width": 387, "height": 259, "position": [3.4239844571345315, 1.2842610287677758, 0.7591242565286275], "rotation": [[-0.05250223622048098, 0.24982841069288447, -0.9668656992584421], [-0.5812069489557705, 0.7796790328589216, 0.2330216475044772], [0.8120603411553685, 0.5741832206977524, 0.10426711558196533]], "fy": 405.2763407507066, "fx": 403.6256127295953}, {"id": 17, "img_name": "DSCF0673.JPG", "width": 387, "height": 259, "position": [3.4665884543017262, 1.1011131915117163, 0.8975923250554447], "rotation": [[-0.1014726164990886, 0.2579606987129467, -0.9608119410271487], [-0.5813112708142334, 0.7683870534317089, 0.26769113273113343], [0.8073292479064349, 0.5856941301038151, 0.07198521679321018]], "fy": 405.2763407507066, "fx": 403.6256127295953}, {"id": 18, "img_name": "DSCF0674.JPG", "width": 387, "height": 259, "position": [3.512649671379501, 0.9322935993204811, 1.039348299376843], "rotation": [[-0.13542524255315888, 0.28331718652422655, -0.9494163341229253], [-0.5861940435572515, 0.7496239201292024, 0.30731176623768575], [0.7987718992161756, 0.5981599704009988, 0.06456084597075351]], "fy": 405.2763407507066, "fx": 403.6256127295953}, {"id": 19, "img_name": "DSCF0675.JPG", "width": 387, "height": 259, "position": [3.5549586222187552, 0.7459300649507823, 1.0943203579049066], "rotation": [[-0.17211301621324968, 0.30134979571372766, -0.9378514862563646], [-0.5874591186188625, 0.7328356012388272, 0.3432837973287929], [0.7907394600002752, 0.6100330172869508, 0.050900139668295874]], "fy": 405.2763407507066, "fx": 403.6256127295953}, {"id": 20, "img_name": "DSCF0676.JPG", "width": 387, "height": 259, "position": [3.589767641740546, 0.5703492303840846, 1.059668652894772], "rotation": [[-0.19304885104514496, 0.3087783726383268, -0.9313367047963776], [-0.5843048152391673, 0.726355197097478, 0.3619337101429018], [0.7882385577973657, 0.6140554081190965, 0.04019865372395052]], "fy": 405.2763407507066, "fx": 403.6256127295953}, {"id": 21, "img_name": "DSCF0677.JPG", "width": 387, "height": 259, "position": [3.6312145922415855, 0.4795172939112792, 0.9631200095542457], "rotation": [[-0.17928557835033615, 0.3447091244837228, -0.9214294877489271], [-0.5830419445566147, 0.7171724517906244, 0.38174044229065635], [0.7924132585231185, 0.6056725962847335, 0.07240120044918742]], "fy": 405.2763407507066, "fx": 403.6256127295953}, {"id": 22, "img_name": "DSCF0678.JPG", "width": 387, "height": 259, "position": [3.679930351631435, 0.4103854673661894, 0.777230572230378], "rotation": [[-0.13094188027772005, 0.3624779816014213, -0.9227480354048415], [-0.5797834343082633, 0.727001902366303, 0.36785785740893484], [0.8041799508139027, 0.5831620244922812, 0.11496373297267642]], "fy": 405.2763407507066, "fx": 403.6256127295953}, {"id": 23, "img_name": "DSCF0679.JPG", "width": 387, "height": 259, "position": [3.716572908534459, 0.3721189990880107, 0.5558983673542599], "rotation": [[-0.09890725934684469, 0.38037850424697556, -0.9195268063277595], [-0.5841410744948851, 0.7258982987930545, 0.3631127440579722], [0.8056032268657174, 0.5730478630238341, 0.1503980968874276]], "fy": 405.2763407507066, "fx": 403.6256127295953}, {"id": 24, "img_name": "DSCF0680.JPG", "width": 387, "height": 259, "position": [3.726852163603149, 0.40800351027264037, 0.3497412250023378], "rotation": [[-0.02847336603787452, 0.3977232706678862, -0.9170635023790404], [-0.5839610656175833, 0.7379824855298271, 0.3381882979850054], [0.8112821588505748, 0.5451587392865107, 0.21124205952009817]], "fy": 405.2763407507066, "fx": 403.6256127295953}, {"id": 25, "img_name": "DSCF0681.JPG", "width": 387, "height": 259, "position": [3.7198542990039143, 0.49209303370294055, 0.10663515347510434], "rotation": [[0.02013214913972797, 0.4034846586842643, -0.9147649024626263], [-0.5847371239890413, 0.7469021786268464, 0.31657484327011026], [0.810972991165575, 0.5285236662335122, 0.25096920494564023]], "fy": 405.2763407507066, "fx": 403.6256127295953}, {"id": 26, "img_name": "DSCF0682.JPG", "width": 387, "height": 259, "position": [3.689970387888531, 0.59716637096911, -0.11971293870951065], "rotation": [[0.0775555087671527, 0.4091643781852234, -0.9091587620895305], [-0.5772084046285578, 0.7619599033140959, 0.2936793546842012], [0.8129056530041006, 0.5019976268528301, 0.29526730592482386]], "fy": 405.2763407507066, "fx": 403.6256127295953}, {"id": 27, "img_name": "DSCF0683.JPG", "width": 387, "height": 259, "position": [3.63885902177372, 0.765905315982865, -0.397770923193967], "rotation": [[0.14411432293389684, 0.4085011252875436, -0.901308988396385], [-0.5613109145263202, 0.7838562210777363, 0.2655173853278858], [0.8149608083576353, 0.4676497143338605, 0.34226104879832303]], "fy": 405.2763407507066, "fx": 403.6256127295953}, {"id": 28, "img_name": "DSCF0684.JPG", "width": 387, "height": 259, "position": [3.6160994784269147, 0.9153420940684643, -0.586677459414633], "rotation": [[0.21273908902253397, 0.4127804668933829, -0.8856378301276109], [-0.5518069770945642, 0.7987692834310649, 0.23974297044289347], [0.806381510224299, 0.43769843271172865, 0.3977045913364275]], "fy": 405.2763407507066, "fx": 403.6256127295953}, {"id": 29, "img_name": "DSCF0685.JPG", "width": 387, "height": 259, "position": [3.6387003655893597, 1.0881055886509698, -0.7814696433737943], "rotation": [[0.26172178075730956, 0.3945885284621723, -0.8807960051472076], [-0.543312090636177, 0.8145059821288496, 0.20345018369336584], [0.7976927238265173, 0.42529977460889307, 0.42755867442007955]], "fy": 405.2763407507066, "fx": 403.6256127295953}, {"id": 30, "img_name": "DSCF0686.JPG", "width": 387, "height": 259, "position": [3.621404764239612, 1.2957968793951593, -0.9848188622610673], "rotation": [[0.309916187304781, 0.37709495873350335, -0.8727836782068311], [-0.5327251340392561, 0.8292203716465092, 0.1691079738193377], [0.7874997704185854, 0.41254450347108323, 0.4578767784529728]], "fy": 405.2763407507066, "fx": 403.6256127295953}, {"id": 31, "img_name": "DSCF0687.JPG", "width": 387, "height": 259, "position": [3.5448099861377567, 1.525585606828362, -1.1583490647754493], "rotation": [[0.368375643957893, 0.3599513511083522, -0.8571665006134334], [-0.5229496217588389, 0.8425354678919225, 0.12906462895164922], [0.7686501662270652, 0.40071063147789215, 0.49860596845574745]], "fy": 405.2763407507066, "fx": 403.6256127295953}, {"id": 32, "img_name": "DSCF0688.JPG", "width": 387, "height": 259, "position": [3.4303485315338103, 1.733011914358537, -1.2855900877293711], "rotation": [[0.4247013737498733, 0.3347154324689482, -0.8411862590426067], [-0.5037782917127033, 0.859379301766395, 0.0876050711690473], [0.7522208292343417, 0.38656538251973405, 0.5336019388114803]], "fy": 405.2763407507066, "fx": 403.6256127295953}, {"id": 33, "img_name": "DSCF0689.JPG", "width": 387, "height": 259, "position": [3.3247157662641866, 1.9111051364337717, -1.4406862718972244], "rotation": [[0.46568167657458387, 0.324506935892325, -0.8233078553375152], [-0.48007153395138163, 0.8741849303710109, 0.07302074911830503], [0.7434190597450753, 0.3612422401519589, 0.5628784465030995]], "fy": 405.2763407507066, "fx": 403.6256127295953}, {"id": 34, "img_name": "DSCF0690.JPG", "width": 387, "height": 259, "position": [3.1832414144335663, 2.056146005193997, -1.6236830207132997], "rotation": [[0.5254961701316544, 0.29838278993272227, -0.7967568549117905], [-0.44695221001640834, 0.8936679620122084, 0.039891047045601084], [0.7239388766590805, 0.3351496447035427, 0.6029819387980683]], "fy": 405.2763407507066, "fx": 403.6256127295953}, {"id": 35, "img_name": "DSCF0691.JPG", "width": 387, "height": 259, "position": [2.989728185622853, 2.198428058459463, -1.8122705229574159], "rotation": [[0.5900446572405335, 0.25794397303493066, -0.765056997377879], [-0.4002708553345158, 0.9163968425827671, 0.00026319975364648255], [0.7011637075830983, 0.3060747191116739, 0.6439625155931309]], "fy": 405.2763407507066, "fx": 403.6256127295953}, {"id": 36, "img_name": "DSCF0692.JPG", "width": 387, "height": 259, "position": [2.809502753392957, 2.3907271490983972, -1.9667206816035614], "rotation": [[0.6447449879017617, 0.23251628793850174, -0.728175855421516], [-0.3685037461495761, 0.929155197013566, -0.02959069002930309], [0.6697080630015481, 0.28741397966344867, 0.684751279403502]], "fy": 405.2763407507066, "fx": 403.6256127295953}, {"id": 37, "img_name": "DSCF0693.JPG", "width": 387, "height": 259, "position": [2.6249843929416983, 2.577242900888634, -2.121484735335473], "rotation": [[0.6958391641985078, 0.2014802569835557, -0.6893573555227812], [-0.3334265971947938, 0.9407612759169094, -0.06160297085603192], [0.6361089229452944, 0.272715837055769, 0.7217974164323038]], "fy": 405.2763407507066, "fx": 403.6256127295953}, {"id": 38, "img_name": "DSCF0694.JPG", "width": 387, "height": 259, "position": [2.4273117258179777, 2.7121435330557433, -2.297211279882276], "rotation": [[0.7295131715641602, 0.16688890704349646, -0.6632937699241771], [-0.3069648320256459, 0.9465092507969862, -0.09946270685636392], [0.6112144667903953, 0.27616721539957484, 0.741719990781277]], "fy": 405.2763407507066, "fx": 403.6256127295953}, {"id": 39, "img_name": "DSCF0695.JPG", "width": 387, "height": 259, "position": [2.305428722761208, 2.748854599239954, -2.475926436975213], "rotation": [[0.7521408078416877, 0.16269664561676853, -0.6386031683951346], [-0.29012669053541523, 0.9518317785749653, -0.09921072892477616], [0.5917015367718936, 0.2598962616119548, 0.7631141622207712]], "fy": 405.2763407507066, "fx": 403.6256127295953}, {"id": 40, "img_name": "DSCF0696.JPG", "width": 387, "height": 259, "position": [2.1962809753095462, 2.6461027454428057, -2.689258811329849], "rotation": [[0.758883321873592, 0.1725444547847237, -0.627952637469694], [-0.28817617438268983, 0.9536884195239487, -0.08621421567276627], [0.5839953735264175, 0.24638751914201165, 0.7734614367315188]], "fy": 405.2763407507066, "fx": 403.6256127295953}, {"id": 41, "img_name": "DSCF0697.JPG", "width": 387, "height": 259, "position": [2.1611493481183093, 2.461730204002732, -2.8714456188474595], "rotation": [[0.7629463987896274, 0.20059725492189723, -0.6145514900248293], [-0.2818191120437179, 0.958756980511973, -0.03691937711357546], [0.5817996052429298, 0.20135986103829984, 0.7880123258565233]], "fy": 405.2763407507066, "fx": 403.6256127295953}, {"id": 42, "img_name": "DSCF0698.JPG", "width": 387, "height": 259, "position": [2.1923615030425094, 2.2527153094232784, -2.99313416639044], "rotation": [[0.7517548282954555, 0.2469406920428095, -0.6114613419897359], [-0.29785573323612435, 0.9544168104558872, 0.019248742753267552], [0.5883422815953661, 0.16765693106051127, 0.7910401463608089]], "fy": 405.2763407507066, "fx": 403.6256127295953}, {"id": 43, "img_name": "DSCF0699.JPG", "width": 387, "height": 259, "position": [2.283061387264442, 2.012642017378305, -3.061581713008943], "rotation": [[0.7310773457718871, 0.2994355612570058, -0.6130776942230363], [-0.32904476454258713, 0.9418876818520855, 0.06765454679781552], [0.5977085053989495, 0.1522692990395843, 0.7871204502131475]], "fy": 405.2763407507066, "fx": 403.6256127295953}, {"id": 44, "img_name": "DSCF0700.JPG", "width": 387, "height": 259, "position": [2.4011938712396663, 1.7477553739148644, -3.0590525130405024], "rotation": [[0.6929301208457721, 0.3450617951300053, -0.6330720378964165], [-0.3573466115151307, 0.9269734456968272, 0.1141211207954317], [0.6262198071470735, 0.1471481855634295, 0.7656344850005599]], "fy": 405.2763407507066, "fx": 403.6256127295953}, {"id": 45, "img_name": "DSCF0701.JPG", "width": 387, "height": 259, "position": [2.5129819716645176, 1.4735185584875823, -2.9530701507670956], "rotation": [[0.6457812818428857, 0.40043676168275094, -0.6500899444802937], [-0.3903199115077027, 0.9049109032791669, 0.1696662129214341], [0.6562140677416011, 0.14417578513576382, 0.7406729644576662]], "fy": 405.2763407507066, "fx": 403.6256127295953}, {"id": 46, "img_name": "DSCF0702.JPG", "width": 387, "height": 259, "position": [2.6564748470753834, 1.2071962245202235, -2.671498247840332], "rotation": [[0.5812964399031656, 0.46184880251084465, -0.6699180043671049], [-0.4291903778575613, 0.8734959056154791, 0.22978364264559348], [0.691295934105206, 0.15394994801003653, 0.7059811222669611]], "fy": 405.2763407507066, "fx": 403.6256127295953}, {"id": 47, "img_name": "DSCF0703.JPG", "width": 387, "height": 259, "position": [2.7841249707536844, 0.9721509994115485, -2.485854646714245], "rotation": [[0.53444204787106, 0.4878687015389984, -0.6901853573686121], [-0.43815394185956097, 0.858218086696199, 0.26736274777994734], [0.7227674734659244, 0.15951754049685857, 0.6724294264631174]], "fy": 405.2763407507066, "fx": 403.6256127295953}, {"id": 48, "img_name": "DSCF0704.JPG", "width": 387, "height": 259, "position": [2.935930511649326, 0.7810163334632482, -2.2688672814474744], "rotation": [[0.47382501191014853, 0.5351713043029493, -0.6993436445260857], [-0.46587418358202837, 0.8262543189545943, 0.3166465624014547], [0.7472958605265564, 0.17577108823569337, 0.640822456988138]], "fy": 405.2763407507066, "fx": 403.6256127295953}, {"id": 49, "img_name": "DSCF0705.JPG", "width": 387, "height": 259, "position": [3.043700995874575, 0.6231112684937776, -1.9864619922285138], "rotation": [[0.420778295007249, 0.5548319179460566, -0.7177096692110904], [-0.49353120402415807, 0.8038393524757077, 0.3320681346740454], [0.7611652758141672, 0.21448505365114728, 0.6120650166894096]], "fy": 405.2763407507066, "fx": 403.6256127295953}, {"id": 50, "img_name": "DSCF0706.JPG", "width": 387, "height": 259, "position": [3.12028568924424, 0.48335728867397476, -1.6992799942186358], "rotation": [[0.3699590453141234, 0.5807953331014312, -0.7251255655663089], [-0.5205864127672933, 0.7760566263229688, 0.3559858137374201], [0.7694933993429335, 0.24579034518835244, 0.5894633275954045]], "fy": 405.2763407507066, "fx": 403.6256127295953}, {"id": 51, "img_name": "DSCF0707.JPG", "width": 387, "height": 259, "position": [3.1410547477330546, 0.3766603193050991, -1.449933118038642], "rotation": [[0.2903004043681836, 0.601819587675526, -0.7440019214449175], [-0.5467373941439355, 0.7424007509177815, 0.38719419789223786], [0.7853686376908414, 0.2943710395517439, 0.5445565113051698]], "fy": 405.2763407507066, "fx": 403.6256127295953}, {"id": 52, "img_name": "DSCF0708.JPG", "width": 387, "height": 259, "position": [3.179226961099567, 0.28877221213105453, -1.1726053394814306], "rotation": [[0.20765365199645838, 0.6065197930202687, -0.7674722805985793], [-0.568432618902992, 0.7133300974952199, 0.40993234780210486], [0.7960931594855086, 0.35113232930351285, 0.4928912341868842]], "fy": 405.2763407507066, "fx": 403.6256127295953}, {"id": 53, "img_name": "DSCF0709.JPG", "width": 387, "height": 259, "position": [3.2198436783477047, 0.1998507817870661, -0.9059484746609126], "rotation": [[0.1256960782097518, 0.594327407279172, -0.7943396180976401], [-0.5890150713074146, 0.6889987840338928, 0.42230548347439006], [0.7982867540523321, 0.4147958637168822, 0.4366722452228405]], "fy": 405.2763407507066, "fx": 403.6256127295953}, {"id": 54, "img_name": "DSCF0710.JPG", "width": 387, "height": 259, "position": [3.259148140849862, 0.1389741813590092, -0.6206802543512719], "rotation": [[0.04822880968910808, 0.5942108725183299, -0.8028620185915984], [-0.5917486855263319, 0.6645499363735479, 0.4562969156632249], [0.8046784917554524, 0.45308588705334724, 0.3836739551484453]], "fy": 405.2763407507066, "fx": 403.6256127295953}, {"id": 55, "img_name": "DSCF0711.JPG", "width": 387, "height": 259, "position": [3.306201659541171, 0.06384807551841919, -0.3715922331615852], "rotation": [[-0.02742214865853149, 0.5816973565514169, -0.8129429322800235], [-0.5967903201434688, 0.6428859142992798, 0.4801447854331388], [0.8019285127403845, 0.49832307449753177, 0.32952203853053896]], "fy": 405.2763407507066, "fx": 403.6256127295953}, {"id": 56, "img_name": "DSCF0712.JPG", "width": 387, "height": 259, "position": [3.3930674494718485, 0.006175199364903335, -0.12573296625386243], "rotation": [[-0.10234670078551829, 0.560234995907237, -0.8219865584053896], [-0.5943244379132913, 0.6281902111498315, 0.5021508947662844], [0.7976864141612098, 0.5399201866723896, 0.2686681534649805]], "fy": 405.2763407507066, "fx": 403.6256127295953}, {"id": 57, "img_name": "DSCF0713.JPG", "width": 387, "height": 259, "position": [3.450663143695848, -0.00388250561790494, 0.12266829391308742], "rotation": [[-0.15851887075383575, 0.5233300440806484, -0.8372558943223243], [-0.6014927256272224, 0.6212788206891589, 0.5022142251874421], [0.7829931472448933, 0.5832137617766185, 0.21629479753776357]], "fy": 405.2763407507066, "fx": 403.6256127295953}, {"id": 58, "img_name": "DSCF0714.JPG", "width": 387, "height": 259, "position": [3.4744246003614174, 0.018109098871954214, 0.34740686937249987], "rotation": [[-0.21599398661083666, 0.48618441025163467, -0.8467415880752684], [-0.6148992659649619, 0.6059058574044794, 0.5047543805443332], [0.7584493987496519, 0.6296846918825428, 0.16808241533568763]], "fy": 405.2763407507066, "fx": 403.6256127295953}, {"id": 59, "img_name": "DSCF0715.JPG", "width": 387, "height": 259, "position": [3.480116052552811, 0.026580168788774533, 0.5837616154039089], "rotation": [[-0.25926922247923617, 0.446353860018617, -0.8564739937216382], [-0.6223000640530121, 0.6009683624445114, 0.5015771701546823], [0.7385946794789607, 0.6630273440720548, 0.12195343561428652]], "fy": 405.2763407507066, "fx": 403.6256127295953}, {"id": 60, "img_name": "DSCF0716.JPG", "width": 387, "height": 259, "position": [3.525544193887941, 0.06211223804505121, 0.7926556312009636], "rotation": [[-0.2881909071122436, 0.396335934718696, -0.8717016851586785], [-0.6228705581876837, 0.613833181710135, 0.48501659020550575], [0.7273089225362117, 0.6827346863037427, 0.06996484343543313]], "fy": 405.2763407507066, "fx": 403.6256127295953}, {"id": 61, "img_name": "DSCF0717.JPG", "width": 387, "height": 259, "position": [3.6012577316799748, 0.12951197057988387, 1.0023629495458513], "rotation": [[-0.30933742300632877, 0.37174185513966795, -0.8752818699511157], [-0.6059463844887477, 0.632318589984183, 0.4827029934498326], [0.7328979041127202, 0.679691984576641, 0.02965582994031897]], "fy": 405.2763407507066, "fx": 403.6256127295953}, {"id": 62, "img_name": "DSCF0718.JPG", "width": 387, "height": 259, "position": [3.701279457062643, 0.18010648032521118, 1.210669504042178], "rotation": [[-0.3202061073146629, 0.3106935785540785, -0.8949511434059686], [-0.6150509936853114, 0.6503414316801865, 0.44583438338342224], [0.7205416879023041, 0.6931994824618856, -0.017150904042425873]], "fy": 405.2763407507066, "fx": 403.6256127295953}, {"id": 63, "img_name": "DSCF0719.JPG", "width": 387, "height": 259, "position": [3.7390653237764373, 0.31152270917630775, 1.3667008967867311], "rotation": [[-0.3258978305567333, 0.2782286855402435, -0.9035371617044664], [-0.602587031557177, 0.6752895382029402, 0.425291557631667], [0.728477503727826, 0.6830613721593456, -0.052418397784246056]], "fy": 405.2763407507066, "fx": 403.6256127295953}, {"id": 64, "img_name": "DSCF0720.JPG", "width": 387, "height": 259, "position": [3.774818360885245, 0.5271399863697867, 1.4951311537119134], "rotation": [[-0.3099088493525242, 0.20308507745541515, -0.9288234258501032], [-0.6003675817565847, 0.7157149410318662, 0.35680651613935416], [0.7372348824280801, 0.668212970914723, -0.09988069699683905]], "fy": 405.2763407507066, "fx": 403.6256127295953}, {"id": 65, "img_name": "DSCF0721.JPG", "width": 387, "height": 259, "position": [3.8418373319050168, 0.6203647836271762, 1.6578625951358246], "rotation": [[-0.298277268776814, 0.16191491611647102, -0.9406456457508537], [-0.6030935754753005, 0.7318809051323117, 0.3172199235910728], [0.7398032239396246, 0.66191683816149, -0.1206535917693026]], "fy": 405.2763407507066, "fx": 403.6256127295953}, {"id": 66, "img_name": "DSCF0722.JPG", "width": 387, "height": 259, "position": [3.932856459475497, 0.6248487412887219, 1.750309807959916], "rotation": [[-0.3076596222747092, 0.14043544204751088, -0.941075684224549], [-0.5918844771597089, 0.7461504781118915, 0.3048478796232204], [0.7449955184557558, 0.6507974728210888, -0.14643881606501455]], "fy": 405.2763407507066, "fx": 403.6256127295953}, {"id": 67, "img_name": "DSCF0723.JPG", "width": 387, "height": 259, "position": [2.3215608269898995, -0.5133037728824092, 2.9244713275886784], "rotation": [[-0.8336667192084799, 0.08599002349406651, -0.5455323245635023], [-0.4114729923244084, 0.562149624567657, 0.7174104656234388], [0.36836093423674277, 0.8225530471999551, -0.4332628609404474]], "fy": 405.2763407507066, "fx": 403.6256127295953}, {"id": 68, "img_name": "DSCF0724.JPG", "width": 387, "height": 259, "position": [2.2257114389447863, -0.5832765649433624, 2.941859440380781], "rotation": [[-0.8517522179135445, 0.07828356498124558, -0.5180635508633902], [-0.3954147194566921, 0.5526766649226842, 0.7336182274772923], [0.3437518856913267, 0.8297109059809725, -0.43978910125182824]], "fy": 405.2763407507066, "fx": 403.6256127295953}, {"id": 69, "img_name": "DSCF0725.JPG", "width": 387, "height": 259, "position": [2.1139187193149063, -0.6798728064488939, 2.9792478270667107], "rotation": [[-0.8716989224734961, 0.06322745631909148, -0.48594575553858144], [-0.3802225792103929, 0.5383192592396432, 0.7520925244876978], [0.30914685639213896, 0.8403657917235204, -0.44521181170737]], "fy": 405.2763407507066, "fx": 403.6256127295953}, {"id": 70, "img_name": "DSCF0726.JPG", "width": 387, "height": 259, "position": [1.9914776975754178, -0.8047637986733196, 3.0023258998278526], "rotation": [[-0.8853826449231328, 0.05745908929108414, -0.46129819545144224], [-0.36525100967529234, 0.5278550913796202, 0.7667859560762654], [0.2875574238306104, 0.8473886095307465, -0.4463667465632388]], "fy": 405.2763407507066, "fx": 403.6256127295953}, {"id": 71, "img_name": "DSCF0727.JPG", "width": 387, "height": 259, "position": [1.837604838546606, -0.965858461409849, 3.0318152231122317], "rotation": [[-0.8964582470147866, 0.034106063817401666, -0.4418137478282666], [-0.3588232770848215, 0.5291632000724794, 0.7689162265885422], [0.26001628253108555, 0.8478343494456546, -0.4621346651342856]], "fy": 405.2763407507066, "fx": 403.6256127295953}, {"id": 72, "img_name": "DSCF0728.JPG", "width": 387, "height": 259, "position": [1.6392017690997194, -1.0489164857523428, 3.1334783338062016], "rotation": [[-0.9074770788246953, 0.012570172719197348, -0.41991349366935926], [-0.35213144892048664, 0.5223503533735975, 0.7766296099246001], [0.22910433014012674, 0.852638316690194, -0.46959461966972765]], "fy": 405.2763407507066, "fx": 403.6256127295953}, {"id": 73, "img_name": "DSCF0729.JPG", "width": 387, "height": 259, "position": [1.4169118520012987, -1.1305878298775165, 3.2072740371402277], "rotation": [[-0.924840968270181, -0.013980805919200775, -0.38009698824763527], [-0.33159351427059, 0.519163504546817, 0.7877277428403465], [0.18631941579651168, 0.854560584518451, -0.4847796228027015]], "fy": 405.2763407507066, "fx": 403.6256127295953}, {"id": 74, "img_name": "DSCF0730.JPG", "width": 387, "height": 259, "position": [1.2034345258180426, -1.2393894595217279, 3.2573461956809107], "rotation": [[-0.9295867346622853, -0.026587850974555783, -0.3676432903242818], [-0.32714197888331614, 0.5190840245387848, 0.7896390954866191], [0.1698429521417278, 0.8543095818549461, -0.49123162556843736]], "fy": 405.2763407507066, "fx": 403.6256127295953}, {"id": 75, "img_name": "DSCF0731.JPG", "width": 387, "height": 259, "position": [1.0516802350898453, -1.33796603753633, 3.2755625770163923], "rotation": [[-0.9421405347521623, -0.03969243860411683, -0.3328599151213127], [-0.30316936502429387, 0.5245873904665279, 0.7955478652314297], [0.14303687946706461, 0.8504308202794494, -0.5062685759862516]], "fy": 405.2763407507066, "fx": 403.6256127295953}, {"id": 76, "img_name": "DSCF0732.JPG", "width": 387, "height": 259, "position": [0.8955680243752288, -1.5050648014147774, 3.2492958598378134], "rotation": [[-0.9455092634818967, -0.0541345909077331, -0.32106335626660054], [-0.30216201966911793, 0.5132110537920348, 0.803313468164918], [0.12128621743380953, 0.8565534778009609, -0.5016032228043172]], "fy": 405.2763407507066, "fx": 403.6256127295953}, {"id": 77, "img_name": "DSCF0733.JPG", "width": 387, "height": 259, "position": [0.7783407489982425, -1.6184068914055207, 3.1654800845465294], "rotation": [[-0.9553310124896598, -0.04433383031922924, -0.2921937166756108], [-0.27604352659561415, 0.4869897474500906, 0.8286380134311687], [0.10555864720683836, 0.8722817763588342, -0.47747447537239024]], "fy": 405.2763407507066, "fx": 403.6256127295953}, {"id": 78, "img_name": "DSCF0734.JPG", "width": 387, "height": 259, "position": [0.6925412415902391, -1.7996717209102215, 3.039325967454812], "rotation": [[-0.9580746275601641, -0.04156279736198927, -0.28348816889051726], [-0.2711744015634078, 0.45098521673673764, 0.8503392136210379], [0.0925064968647063, 0.8915631599389714, -0.4433482602621282]], "fy": 405.2763407507066, "fx": 403.6256127295953}, {"id": 79, "img_name": "DSCF0735.JPG", "width": 387, "height": 259, "position": [0.6676656013016574, -2.0127811058328393, 2.8951490090532945], "rotation": [[-0.9573896368046261, -0.037050477789838145, -0.2864128932758617], [-0.2748941573024398, 0.4209369423228641, 0.8644335098021473], [0.08853409298166967, 0.9063329149288478, -0.41318562619782656]], "fy": 405.2763407507066, "fx": 403.6256127295953}, {"id": 80, "img_name": "DSCF0736.JPG", "width": 387, "height": 259, "position": [0.7260317668806021, -2.1185585997036847, 2.7700300836761675], "rotation": [[-0.9572906838087006, -0.03985724671834736, -0.28636680425129984], [-0.2792709378417763, 0.38387294713108394, 0.880141638452511], [0.0748484466775644, 0.9225253169127278, -0.3786089667256001]], "fy": 405.2763407507066, "fx": 403.6256127295953}, {"id": 81, "img_name": "DSCF0737.JPG", "width": 387, "height": 259, "position": [0.8775186405302678, -2.2006690221465317, 2.6384294487798456], "rotation": [[-0.9519850821191411, -0.005964464598448703, -0.30608630904479467], [-0.29034120953237563, 0.3346659925043006, 0.8964935334448255], [0.09708957446548439, 0.9423179392451175, -0.32032876222241685]], "fy": 405.2763407507066, "fx": 403.6256127295953}, {"id": 82, "img_name": "DSCF0738.JPG", "width": 387, "height": 259, "position": [1.093010115356729, -2.216879526789341, 2.533959882929442], "rotation": [[-0.9451545100589113, 0.015001082806039337, -0.3262788985361229], [-0.303901823174169, 0.32568255105737337, 0.895306962894949], [0.11969391791864503, 0.945360165995695, -0.3032614755650259]], "fy": 405.2763407507066, "fx": 403.6256127295953}, {"id": 83, "img_name": "DSCF0739.JPG", "width": 387, "height": 259, "position": [1.2848021372311507, -2.0644516469719476, 2.465866069892727], "rotation": [[-0.9351362420230765, 0.0433056252391712, -0.35163167047011346], [-0.3200483331026195, 0.3224189081811614, 0.8908507799432533], [0.1519515492951378, 0.9456059805595098, -0.2876457129819511]], "fy": 405.2763407507066, "fx": 403.6256127295953}, {"id": 84, "img_name": "DSCF0740.JPG", "width": 387, "height": 259, "position": [1.5232696381008195, -1.891890850707947, 2.357213173440717], "rotation": [[-0.917988553191087, 0.0757279718540655, -0.3893100184801367], [-0.3511843229239036, 0.30093714136577016, 0.8866264197953259], [0.18430026462979876, 0.950632479576344, -0.24966237448185433]], "fy": 405.2763407507066, "fx": 403.6256127295953}, {"id": 85, "img_name": "DSCF0741.JPG", "width": 387, "height": 259, "position": [1.8084465370627822, -1.809201528570677, 2.281825847862068], "rotation": [[-0.8934008438675995, 0.09763216301168716, -0.43852353747811657], [-0.3894006938548095, 0.3185246858188576, 0.8642390434071997], [0.22405809916638744, 0.9428732604489628, -0.24655219108393273]], "fy": 405.2763407507066, "fx": 403.6256127295953}, {"id": 86, "img_name": "DSCF0742.JPG", "width": 387, "height": 259, "position": [2.0962571754887436, -1.6249478220310791, 2.244041766206029], "rotation": [[-0.8595243350819068, 0.12042204245436033, -0.4967055959953814], [-0.434909130708952, 0.33815109632479007, 0.8345704787975229], [0.26846222346540766, 0.9333554348400522, -0.23827645042376097]], "fy": 405.2763407507066, "fx": 403.6256127295953}, {"id": 87, "img_name": "DSCF0743.JPG", "width": 387, "height": 259, "position": [2.3368334166991325, -1.4158202482537152, 2.233174362153915], "rotation": [[-0.8219222698882989, 0.16440442322750276, -0.5453576513490012], [-0.46205169606648566, 0.3674588085087634, 0.8071445063998168], [0.3330945998117507, 0.9153934725966492, -0.22605923538687264]], "fy": 405.2763407507066, "fx": 403.6256127295953}, {"id": 88, "img_name": "DSCF0744.JPG", "width": 387, "height": 259, "position": [2.512937995910828, -1.287920126986668, 2.222538163685237], "rotation": [[-0.7864773718871118, 0.1844965695934894, -0.5894186621729722], [-0.4903036212692952, 0.3938253695925983, 0.7774985126901974], [0.375573830930427, 0.9004790914138364, -0.21927540547620664]], "fy": 405.2763407507066, "fx": 403.6256127295953}, {"id": 89, "img_name": "DSCF0745.JPG", "width": 387, "height": 259, "position": [2.6698166622648536, -1.1089906882014742, 2.221446577727343], "rotation": [[-0.7504914048177291, 0.2085943709820212, -0.62709731277476], [-0.5045566032610274, 0.43199099334372204, 0.7475335549496077], [0.4268316827514148, 0.8774235978502737, -0.21895786018107677]], "fy": 405.2763407507066, "fx": 403.6256127295953}, {"id": 90, "img_name": "DSCF0746.JPG", "width": 387, "height": 259, "position": [2.7725475557282566, -0.9369510225159842, 2.214581436427857], "rotation": [[-0.7237677930150425, 0.24437201523454322, -0.6453235622262228], [-0.4945433114953799, 0.46850428151065304, 0.7320728455976018], [0.48123496843986424, 0.8489911992337698, -0.21823576419617297]], "fy": 405.2763407507066, "fx": 403.6256127295953}, {"id": 91, "img_name": "DSCF0747.JPG", "width": 387, "height": 259, "position": [2.7834014163938514, -0.9939666587766754, 2.0882414533506237], "rotation": [[-0.6994020693696367, 0.29143310949987417, -0.6526128163380673], [-0.4893451603355587, 0.47026601267757956, 0.7344325642130098], [0.5209395928681518, 0.8330165784710198, -0.18629364072560065]], "fy": 405.2763407507066, "fx": 403.6256127295953}, {"id": 92, "img_name": "DSCF0748.JPG", "width": 387, "height": 259, "position": [2.6913069793887314, -1.0737445106646408, 1.8979730095241425], "rotation": [[-0.7355479793115651, 0.2958018012517709, -0.6094837688625364], [-0.4705468208234366, 0.42416805199321106, 0.7737358419261974], [0.4873959986947272, 0.8559104848314997, -0.17280735635926264]], "fy": 405.2763407507066, "fx": 403.6256127295953}, {"id": 93, "img_name": "DSCF0749.JPG", "width": 387, "height": 259, "position": [2.505060532771811, -1.2217458123478764, 1.7474837259168388], "rotation": [[-0.768020577929446, 0.28163260621568487, -0.575176031309616], [-0.45966065066911044, 0.38295219352793686, 0.8012862807377843], [0.44593326642376585, 0.8797901412202244, -0.16465973796993594]], "fy": 405.2763407507066, "fx": 403.6256127295953}, {"id": 94, "img_name": "DSCF0750.JPG", "width": 387, "height": 259, "position": [2.303711284740436, -1.382448288536404, 1.7399589026980828], "rotation": [[-0.8041771454471318, 0.2727954043966544, -0.5280925923363896], [-0.4373651316006196, 0.33006862491465366, 0.8365204387861197], [0.40250572716481303, 0.9036799047157216, -0.146122446641539]], "fy": 405.2763407507066, "fx": 403.6256127295953}, {"id": 95, "img_name": "DSCF0751.JPG", "width": 387, "height": 259, "position": [2.0418300772703257, -1.5692037162168362, 1.7340946132048538], "rotation": [[-0.8572824661497125, 0.22457699457997105, -0.46328387273646227], [-0.3887668258470332, 0.3075638053985871, 0.8684842317103761], [0.33753092947623253, 0.924645704642685, -0.17636097224936917]], "fy": 405.2763407507066, "fx": 403.6256127295953}, {"id": 96, "img_name": "DSCF0752.JPG", "width": 387, "height": 259, "position": [1.8283199839432225, -1.7045769944093765, 1.8145133509046645], "rotation": [[-0.9086973733754359, 0.1546667056039912, -0.3877464297684656], [-0.3350205111751172, 0.2839641298852948, 0.8984017086083766], [0.24905891012478637, 0.9462782799557938, -0.20622094018638795]], "fy": 405.2763407507066, "fx": 403.6256127295953}, {"id": 97, "img_name": "DSCF0753.JPG", "width": 387, "height": 259, "position": [1.5785471148198633, -1.743495792730266, 1.9701753253842864], "rotation": [[-0.9288348460050546, 0.10883216783377979, -0.3541488219539445], [-0.3095647920697341, 0.29720780447959455, 0.9032370455573894], [0.2035570395677558, 0.9485900485462722, -0.24236635789934216]], "fy": 405.2763407507066, "fx": 403.6256127295953}, {"id": 98, "img_name": "DSCF0754.JPG", "width": 387, "height": 259, "position": [1.3103561652871807, -1.7761775568927767, 2.157244400226812], "rotation": [[-0.9503153426722674, 0.07125636148095262, -0.30302356415002824], [-0.26484032092791354, 0.32648311334128116, 0.907341380690743], [0.16358592204859887, 0.9425132930900655, -0.29139035408885733]], "fy": 405.2763407507066, "fx": 403.6256127295953}, {"id": 99, "img_name": "DSCF0755.JPG", "width": 387, "height": 259, "position": [1.0083388267514344, -1.7920262369852313, 2.341934208072567], "rotation": [[-0.9609459403784237, 0.011657487161244222, -0.276490510982405], [-0.25391237724372484, 0.3601836000673753, 0.8976615614611918], [0.11005182575798705, 0.9328085962487643, -0.34315698799783007]], "fy": 405.2763407507066, "fx": 403.6256127295953}, {"id": 100, "img_name": "DSCF0756.JPG", "width": 387, "height": 259, "position": [0.7560228686095117, -1.7249735468881628, 2.6129423391589888], "rotation": [[-0.9719263934931794, 